352    FT911-3246     1     0.1723705230510837
352    FT911-3618     2     0.1370497428785047
352    FT911-4701     3     0.1210146830355171
352    FT911-1174     4     0.10214635831753571
352    FT911-2931     5     0.09983584185370155
353    FT911-122     1     0.4829467208583243
353    FT911-558     2     0.29475103882672055
353    FT911-4151     3     0.2817333371088227
353    FT911-4348     4     0.2534305292020905
353    FT911-1769     5     0.17929791659590116
354    FT911-4783     1     0.24232793246362455
354    FT911-1588     2     0.2255934753960542
354    FT911-4804     3     0.22558963510212238
354    FT911-885     4     0.19999109289385794
354    FT911-1900     5     0.19943359253863777
359    FT911-1897     1     0.1755382938406478
359    FT911-5121     2     0.13488060483292785
359    FT911-391     3     0.1267460799410072
359    FT911-1282     4     0.12257420596195844
359    FT911-3242     5     0.11727514107845634
